  24527.84 += 0.00	1
  42366.27 += 0.00	2
  44596.08 += 0.00	3
  44596.08 += 0.00	4
  35676.86 += 0.00	5
  44596.08 += 0.00	6
  13378.82 += 0.00	7
  22298.04 += 0.00	8
  33447.06 += 0.00	9
  37906.66 += 0.00	10
  24527.84 += 0.00	11
  44596.08 += 0.00	12
  46825.88 += 0.00	13
  20068.23 += 0.00	14
  46825.88 += 0.00	15
  20068.23 += 0.00	16
  31217.25 += 0.00	17
  42366.27 += 0.00	18
  42366.27 += 0.00	19
  35676.86 += 0.00	20
  26757.65 += 0.00	21
  35676.86 += 0.00	22
  35676.86 += 0.00	23
  26757.65 += 0.00	24
  26757.65 += 0.00	25
  33447.06 += 0.00	26
  28987.45 += 0.00	27
  35676.86 += 0.00	28
  33447.06 += 0.00	29
  28987.45 += 0.00	30
  31217.25 += 0.00	31
  49055.68 += 0.00	32
  22298.04 += 0.00	33
  28987.45 += 0.00	34
  33447.06 += 0.00	35
  40136.47 += 0.00	36
  31217.25 += 0.00	37
  26757.65 += 0.00	38
  35676.86 += 0.00	39
  46825.88 += 0.00	40
  28987.45 += 0.00	41
  35676.86 += 0.00	42
  20068.23 += 0.00	43
  42366.27 += 0.00	44
  33447.06 += 0.00	45
  22298.04 += 0.00	46
  26757.65 += 0.00	47
  22298.04 += 0.00	48
  26757.65 += 0.00	49
  44596.08 += 0.00	50
  40136.47 += 0.00	51
  35676.86 += 0.00	52
  37906.66 += 0.00	53
  40136.47 += 0.00	54
  26757.65 += 0.00	55
  31217.25 += 0.00	56
  55745.10 += 0.00	57
  28987.45 += 0.00	58
  42366.27 += 0.00	59
  55745.10 += 0.00	60
  35676.86 += 0.00	61
  35676.86 += 0.00	62
  40136.47 += 0.00	63
  42366.27 += 0.00	64
  33447.06 += 0.00	65
  26757.65 += 0.00	66
  28987.45 += 0.00	67
  22298.04 += 0.00	68
  28987.45 += 0.00	69
  31217.25 += 0.00	70
  33447.06 += 0.00	71
  28987.45 += 0.00	72
  28987.45 += 0.00	73
  22298.04 += 0.00	74
  35676.86 += 0.00	75
  37906.66 += 0.00	76
  44596.08 += 0.00	77
  46825.88 += 0.00	78
  35676.86 += 0.00	79
  24527.84 += 0.00	80
  46825.88 += 0.00	81
  28987.45 += 0.00	82
  37906.66 += 0.00	83
  44596.08 += 0.00	84
  37906.66 += 0.00	85
  31217.25 += 0.00	86
  49055.68 += 0.00	87
  46825.88 += 0.00	88
  24527.84 += 0.00	89
  37906.66 += 0.00	90
  40136.47 += 0.00	91
  40136.47 += 0.00	92
  46825.88 += 0.00	93
  37906.66 += 0.00	94
  35676.86 += 0.00	95
  28987.45 += 0.00	96
  33447.06 += 0.00	97
  35676.86 += 0.00	98
  51285.49 += 0.00	99
  28987.45 += 0.00	100
